  1  20   40  44   53   40   63  163   56
  2  71  147  51  346   56   44   63   15   56
  3  17  145  64   16  461  112
  4   4   50 163  111   17
  5  71   51  53  115  440  156   57
  0   0
  0   0
  0   0
  0   0
  0   0
  0   0
  0   0
  0   0
  0   0
  0   0
  0   0
  6  62   66 163   14   30
  7  67   14  44   190  54   15   11   12
  8  67   51  56   31   63   36   54
  9  64   64  15   40  157  151   66  163  151
 10  72  141 145  143   53
 11  67  440 146  56    52  141   89
 12  70   12 141  564   40   17   11   78
 13  62   27 156   44  143   54   16   54  162
 14  64  164 145   14  546   64   40
 15  60   54  43   12   41   45   71   12
 16  64   50  13   52   15   51   40
 17  20  157  43   89   16   15   44   54
 18  10   15  16   56   15    4   15  190
 19  10   14  16   14   67
 20  13   15 124   49  156
 21 103   56 190   44   54  189   25    4
 22  10   15  56   55   56    4   78   41
 23  14   15  17    4   16   14
 24  14   90  65   47   55   15  190   48
 25  31   15   4   16   16
 26 109   15  54   15   15   54  120
 27  31   14  44   16   56   50   16   16   67
 28  31   44  17   90   16   44   15   17   55
 29  10   15  54   54   44   15
 30  30   44  16   62   54
 31 105   14  14   62   56   45   44   54
 32  10   15  14   54   14   14   16   15   44
 33  10   16  54   4    14  278
 34  31   56  45  123   15   54   15
 35  30   44  15   54   27
 36  32   54  84   54   44   15   15
 37  30   67  56   15   34   56   56   44
 38  10   16  92   56   14   56    4   56
 39  14   14  44   15   54   44   14   15
 40  32    4  54    4   54   15   54  189   90
 41  31   14  12   74   44   15   17    1
 42 105   16  15    4   54   49   44
  0   0
  0   0
  0   0
 43 185    4  14   15   90   15  150
 44  10   14  16   15   54    4
 45  25   57   4   44   15    5   85
 46  13   44  25    4   15   56   44   15   54
 47  32   54  79  128   16   54    4   44
 48  32   56  97   43   14   55   16   59
 49  14   14  14   45   12   14   56   15
  0   0
  0   0
 50  30   44  56   15   12
 51  10   15  15   56   15   16   15   16
 52 112   15 180   54   14   44
 53  31   56  14   14   16    4   87   16
 54  14    4  54   56   94   16   12   15
 55  10   48  16   14   16   54   54   16   16
 56  30   56  56   54   16    9   54
 57  30    4 900   54    4   15  200    4   89
 58  14    4  15   44  190   44   15   55   14
 59  10   15  44   15   14   44    4   14   14
 60  30   55  15   16   12
  0   0
  0   0
  0   0
  0   0
  0   0
  0   0
  0   0
  0   0
  0   0
  0   0
 61 112   15   5   16   56   56   14
 62 105   14  46   15
 63  30   90  78   16   12   14   56   56
 64  56   78  54   54  180   44   16   44   96
 65  14   14  14   15   17   44
 66  31   54  12   56   15   16  174
 67  32   12  45   56   15   85
 68  10   16  15   89   15   16   12
 69  10    4  56   14   16   55   15   18
 70  31   44   4   56   56
 71  10   14  15   14   15   44
  0   0
 72  31   15  15    4   67    4   56
 73  14   16  56   14    4    4   15
 74  10   15  14   14  189   63   42   15
 75  14    4  55   44   15   55   14   14    4
 76  32   56  14   55   55   56   44   15
 77  10   84  44  184   56   54  314
 78  31   55  14   14   54
 79  31   56  14   55   53    1    4   14
 80  30   54  44   55    4   54   54
 81  30   44  16   19   55   15   16   16    4
 82  31   55  44   14
 83  14   56  14   16   14   14   54
 84  32   56   4   55    4   17
 85  10   15  55   44   15   55   14
 86 105   55  56    4   44   55
 87  10   16  56   44   14   15   55
 88  10   15  56   16   16   16   55
 89  10   15  56   14   55   15
 90  30   47  44   54    4   54   16
 91 105   14  14   14   56   55   47   56
 92  10   15  67   54   44   56   54   12   14
 93  30   55  15   29   54   44   16
 94 105   56   4   56    4   55   44   55
 95  79  120  15   55   56  124
 96  31   55  16   63   55   16   12    4
 97  12    4  52   23   14   16   14
 98  30   56  15   15   44   15
 99  10   17  54   14   54
100  10   44  56   44   16   16
101  31   55  56   15   54   14
102  28   54  56   16    4   14   55
103  31   54   4   40   12   54   56   44
104  14   15  17   55   16
105  14   16  55   16   14   56   55   16
106  14   56  15   15   16
107  10   64  12   89   14   54   16
108  14   44   4   16   55   14
109  14   16  14   14   54   56   64
110  10   74  56   56   15    4   14
111  31   56  16   15    4   55   24   55
112  30   15  66   15   94   14   54   45
113  15   49  55   16   15   16
114  14    4  56   54   49   16   14   56
115 105   54  15   44   15
  0   0
  0   0
  0   0
  0   0
  0   0
  0   0
  0   0
  0   0
  0   0
  0   0
  0   0
  0   0
  0   0
  0   0
  0   0
  0   0
  0   0
  0   0
  0   0
  0   0
  0   0
  0   0
  0   0
  0   0
  0   0
  0   0
116  32   16  45   55   15  190   14   56
117  14   16  56   15   56   55   44   55   56
118  31    4  15   14   44   15   55
119  54   14  55   49   55   40   56    4
120  10   14  15    4   11    4
  0   0
  0   0
  0   0
  0   0
121  31   55   4   56    4   55   14   54
122  10   16  56   57   44   63   47   54   56
123  10   15  56   16   14   15   55
124  10   16  55   56   56   16   44   67   14
125  25   56   4   35    4   56   15   15
126 112   14  17   15   54   56
127  32   56  57   15   13   87   14   44
128  30   44  56   15   44   56    1    4
129 105   54  16   56   48   56   54   14
130 112   44  15   14   44   54
131  32   56  15   81   54    1   44   17
  0   0
132  31   14  44   54    4   54   56
133  10   14  16   56   15
134  11   33  80   56
  0   0
135  32   56  16   81   67   56   56   16
136  13   16  12   23    4   44   14   14   44
137  14   16  54   54   56   14   81
138  14   56  44   16   54   33   87   56
  0   0
  0   0
  0   0
139  13   14  17   45    4   56   56   16
140  14  180   4   56   14   15    4   89
141  32   56  54   55   56   44
142   9   81  56   44   56   44   56   54
  0   0
  0   0
  0   0
143  10   14  54   56   72   19   15
144  98   79  44   56   54    2   14
145  30   30  16   14   25    4   14
146  30   44  16   16   28    6
147  31   54   4   90
148  14    4  55   12   15
149 105   15  14   14   15   44
150  31    4  15   89   54   16   54   56
151  28   56  56   16   14    1   20   12    4
152  14   54  18   15    5   22   44   19   44
153  14   16  54   14   56   44
154  32   56  54   67   56   26  189   56   15
155  10   14   4   89   30   29   44   56
156  14   16  16   56   44
157  78   12  34   14   54   56   67
158  32   44  16   78   54    4   15   28
159  30   54  56   40  190    4   54   44
160   3   42  54   15   17   56   56   16   12
  0   0
161  10    4   4  178   10   17   46    6    6
162  32   56  16   15    4   78   50   14
163  14   44  12   57   44   56   56   52
164  14   16 122   44   15   54   16   54
165  25   47 129   55   56   56   56   57
166  32   56  15   60   56   44   15   55
167  49   58  14   56
168  32   56  16   87   39
  0   0
  0   0
  0   0
  0   0
  0   0
169 105   14  66   12  189   70   68
170  12    4   4   72   72   15   12
171 167   44  14   14   14
172  30   12  32    4
  0   0
173  31   72  30   54   16   15   14    2
174  30   87  55    4   18   45    5    4
  0   0
175  31   98   4    6   15   14    4   14   16
  0   0
176  30   54  45    4   12   54  120   16
177  10   14  92  230   44   14   14   14
178  30   54  56   16   44   56
179  14   16  14   20   67   22  190  588
  0   0
  0   0
180 165   55  56    4   15
181  10   14   4   12
182 105   14  15    4  279   30   56   16   56
183  14   54 120   32   14    4  278   14
184  31    4  56   34   36   44   54
  0   0
  0   0
  0   0
  0   0
  0   0
  0   0
  0   0
185  45   97  56   56   56   60   42   90
186  32   12  14   18   14   44    4
187  89   92  14   44   46   56
188  14   16  14   72   90    4   50   15
189  30   26  56    1   52   90   14    5   56
190  30   44   4   14   67   76   14  127
191 112   68  56   56   44   56   56   56   16
192  16   45  60    4   71   44   21  280
193 105   75  62   88   15   27   16    4
194   3   64   6   16   56   15   56   28
195  14   44  66   56   67    5   51
196   3   70   4   99   44   72
197  10   16  88    5  320   14    4   74   10
198  45  123  54   56   16   90   15   76
199 105   44  14   55    1   19   56   55
  0   0
  0   0
  0   0
  0   0
200  14    4  56  280   54   56   89    4
201  32   16  15   15   14    4
202 105   55  14   15   10   16   47    4   46
203  31    4  57   35   14   56    4   14
204  30   54  56   44   16   15   44   17   14
205  30   44  15   55   20   90   90   55    1
206   5   22  34   24   16   17   56   44   56
207  31   54   4   14   54   55    4   56
208  14   16  63   34   32   26   44   56   51
209  10   14  34   23   16   56   56    4   17
210   5   36  54   15   47   34   40   89   42
211  90   45  44   54
212  32   56  55   46   89   50   25   15
213  14   44  15   56   56   52   16   14
214  18    4  44  120   56   28   16
  0   0
  0   0
  0   0
215 112   14   4   57   29   60  289   62   26
216  30   44  16   15   56   16
217  30   55  14   12   56   16    1
218   5   70  29   72   29   15   44   74   14
219  10   16  56   80   14   44   76   55
220  31   56   1   39    2   79   14   14   57
221   5    4 290   44  230   56   15
222   5   10   4   54    1   12
223  56   78  14    4   90   14   16
224  10    7   6   59    5   20    4
225  25   60  89   78    4   24   90   15
226 105   54  54   16   26   97   56   54
227  10    1  30   14   54   79   55   32
228  25   12  34   14   16   14   56   43   34
  0   0
229  30   55  56   15   44   16   54   15   18
230   5   36  56   35   57   16   81   14   56
231  30   44  40   15    4  118
  0   0
232  28   90  42   15   57   16
  0   0
233   5   44  16   55   15   14
234   5   46  56   38   17   16   56   50
  0   0
235  14   54   4   56   56   54    4   52
